         118
         231
         156
         163
         231
         237
         103
          84
          86
         206
         174
         154
          70
          16
          21
          48
          85
         200
         183
          53
          61
         249
         179
          87
          47
         204
         182
         156
          46
          74
         191
         194
         178
           8
          28
         143
         221
         229
          51
         141
          25
          55
         119
         202
         167
         113
         177
         221
         172
          40
         248
         142
         141
         153
          23
          47
         116
         147
          32
         248
         183
          91
          94
         108
         252
         217
         145
         189
         142
          46
         248
          54
          33
         119
         178
          14
         100
          27
         252
          57
          83
         108
          91
         167
          31
          57
         140
          27
          78
         135
         252
         106
          41
         130
          15
         205
         142
          48
         179
          85
          58
         110
         121
          62
          90
         119
         100
         227
         126
          89
         238
          47
          47
          90
         210
          14
          38
         175
          35
         133
         130
          16
          95
         134
         211
          85
         101
         245
         231
          98
         148
         158
         103
          58
          94
          23
          63
          97
         203
          44
         151
          31
          59
          64
         196
         123
          76
         188
         177
         197